41430772
41433075
41430258
41431244
41431293
41428705
41431177
41431332
41429515
41428274
41399807
41432086
41425563
41427563
41427185
41424373
41426982
41425259
41425150
41430525
41430310
41415207
41403289
41425085
41417556
41427994
41425446
41922081
41900190
41922356
41914989
41916322
41919711
41915958
41917016
41887153
41920591
41914845
41879930
41919262
41887360
41883365
41923387
41886047
41922556
41914544
41919365
41887924
41880709
41915187
41915724
41908075
41920401
41911575
41912284
41909564
41913520
41881897
41913437
